10	0	GX000-00-0000000	0
10	0	GX000-24-12369390	1
10	0	GX000-62-7863450	1
10	0	GX016-48-5543459	1
10	0	GX037-87-3082362	0
10	0	GX057-59-4044939	1
10	0	GX057-97-13260700	0
10	0	GX058-98-1548149	0
10	0	GX068-48-12934837	1
10	0	GX169-47-11414154	0
10	0	GX197-89-11306652	0
10	0	GX225-79-9870332	1
10	0	GX235-13-6960344	0
10	0	GX235-84-0891544	1
10	0	GX236-05-0163071	1
10	0	GX236-56-7623480	1
10	0	GX236-70-4445188	0
10	0	GX240-44-0677375	1
10	0	GX241-65-9737647	1
10	0	GX244-14-14949084	0
10	0	GX244-34-9828671	0
10	0	GX245-45-11247394	1
10	0	GX246-77-3313056	1
10	0	GX247-94-13843197	0
10	0	GX249-47-15690751	0
10	0	GX251-00-2936611	1
10	0	GX253-98-16418961	0
10	0	GX255-90-2527819	1
10	0	GX257-26-0585464	0
10	0	GX261-90-2024545	0
10	0	GX265-53-7328411	1
10	0	GX265-75-3480431	0
10	0	GX266-39-14413678	0
10	0	GX266-80-0611649	0
10	0	GX269-30-11657056	0
10	0	GX270-75-16118078	0
10	0	GX270-91-8646508	0
10	0	GX271-51-4471771	0
10	0	GX271-54-14103712	0
10	0	GX272-12-14599061	0
15	0	GX000-63-11995977	1
15	0	GX001-21-11212159	0
15	0	GX002-50-7293787	0
15	0	GX003-47-3035937	1
15	0	GX004-95-1230642	1
15	0	GX006-96-11572725	1
15	0	GX007-87-13144162	0
15	0	GX008-75-7483361	0
15	0	GX009-00-5362105	0
15	0	GX009-26-3264567	2
15	0	GX011-63-1510863	0
15	0	GX012-83-6461625	1
15	0	GX012-93-9423586	0
15	0	GX013-02-4909522	0
15	0	GX020-55-3179021	0
15	0	GX021-29-0120817	0
15	0	GX023-10-5254089	0
15	0	GX027-42-4424901	0
15	0	GX027-44-7302986	0
15	0	GX029-76-16370764	0
15	0	GX037-76-2629022	1
15	0	GX042-66-7833344	0
15	0	GX042-73-2489904	0
15	0	GX043-16-16003169	0
15	0	GX043-61-5803349	0
15	0	GX059-62-12824806	0
15	0	GX061-79-15306315	0
15	0	GX061-81-15594716	0
15	0	GX062-51-8529627	1
15	0	GX062-79-1857382	0
15	0	GX082-80-5980957	1
15	0	GX154-84-0267878	0
15	0	GX229-93-5076704	0
15	0	GX231-30-11332674	0
15	0	GX231-32-2941221	0
15	0	GX233-72-4348496	0
15	0	GX236-05-1311017	0
15	0	GX236-16-11403446	2
15	0	GX261-59-15984621	2
15	0	GX262-15-13688903	0
33	0	GX000-79-1969938	0
33	0	GX001-57-11634684	0
33	0	GX003-21-16226598	0
33	0	GX003-89-5527967	0
33	0	GX007-11-15268600	2
33	0	GX007-19-0575897	0
33	0	GX008-58-10596012	0
33	0	GX016-74-7775960	0
33	0	GX017-25-0246746	0
33	0	GX020-24-1374017	0
33	0	GX037-38-7928692	0
33	0	GX037-60-9319947	0
33	0	GX041-41-6851053	0
33	0	GX041-89-10331636	0
33	0	GX042-84-12796224	0
33	0	GX042-90-13281691	0
33	0	GX045-54-0455959	0
33	0	GX047-33-10107266	0
33	0	GX049-37-4316096	0
33	0	GX050-75-7675845	0
33	0	GX053-42-0502343	0
33	0	GX159-92-10477800	0
33	0	GX228-43-5979875	0
33	0	GX228-81-5492379	0
33	0	GX230-36-9847889	0
33	0	GX231-54-2801231	0
33	0	GX231-64-1636012	0
33	0	GX231-82-4905733	0
33	0	GX232-33-5643547	0
33	0	GX233-32-11172944	0
33	0	GX233-40-14090390	0
33	0	GX233-54-9902357	0
33	0	GX235-05-9989317	0
33	0	GX235-63-9553076	0
33	0	GX242-11-1200731	0
33	0	GX243-75-2642608	0
33	0	GX245-67-3548317	0
33	0	GX245-85-15332257	0
33	0	GX262-67-8634492	0
33	0	GX269-07-16616126	0
34	0	GX000-00-0000000	0
34	0	GX003-52-9553203	0
34	0	GX004-62-3576819	0
34	0	GX010-66-1303012	0
34	0	GX021-58-15717488	0
34	0	GX022-79-16244629	0
34	0	GX026-86-0853035	0
34	0	GX031-42-9601008	0
34	0	GX031-85-14496933	0
34	0	GX036-28-12707372	0
34	0	GX039-92-15362662	0
34	0	GX050-51-1087638	0
34	0	GX061-26-9879905	0
34	0	GX063-35-8996720	0
34	0	GX066-97-14436906	0
34	0	GX069-37-2051206	0
34	0	GX069-39-1945153	1
34	0	GX069-40-14772317	0
34	0	GX088-42-3464583	0
34	0	GX123-98-4599098	0
34	0	GX145-11-9003715	0
34	0	GX226-96-4068647	0
34	0	GX227-16-1846604	0
34	0	GX227-50-4948040	0
34	0	GX227-72-1173140	0
34	0	GX228-86-11552097	0
34	0	GX232-75-4016756	0
34	0	GX238-64-4093550	0
34	0	GX241-51-13728283	0
34	0	GX242-26-2953141	0
34	0	GX242-66-1576875	0
34	0	GX242-77-15556723	0
34	0	GX247-56-3005832	0
34	0	GX247-63-11224476	0
34	0	GX250-64-14624699	0
34	0	GX251-30-0421398	0
34	0	GX254-12-9589256	0
34	0	GX257-02-15371060	1
34	0	GX269-17-4623294	0
34	0	GX270-57-7921444	0
37	0	GX007-29-16593994	0
37	0	GX008-57-9861260	0
37	0	GX010-11-7713481	2
37	0	GX011-10-8264632	0
37	0	GX012-36-12116391	0
37	0	GX018-88-3744696	0
37	0	GX024-05-6630927	0
37	0	GX028-24-1087382	0
37	0	GX030-92-3637782	0
37	0	GX034-73-16131364	0
37	0	GX044-72-15499141	2
37	0	GX046-82-9869680	2
37	0	GX049-92-7161689	0
37	0	GX054-19-4075270	0
37	0	GX055-48-6353124	0
37	0	GX062-38-4411636	0
37	0	GX065-75-10448048	0
37	0	GX085-36-5252867	0
37	0	GX105-94-14481604	0
37	0	GX192-23-3266226	0
37	0	GX226-32-3388328	0
37	0	GX230-88-10003954	0
37	0	GX232-71-13870366	0
37	0	GX234-18-0453626	0
37	0	GX236-43-1594738	0
37	0	GX242-07-6625432	0
37	0	GX243-19-15343718	0
37	0	GX243-21-15307115	2
37	0	GX243-81-9212950	0
37	0	GX246-13-2266213	0
37	0	GX248-14-7700332	2
37	0	GX248-61-16455332	0
37	0	GX252-10-13261185	1
37	0	GX256-40-6601615	0
37	0	GX258-00-14178994	0
37	0	GX259-10-13451864	1
37	0	GX259-78-3295812	0
37	0	GX264-81-13859290	0
37	0	GX267-92-3291990	1
37	0	GX268-11-3142397	0
42	0	GX000-00-0000000	0
42	0	GX005-21-14571386	0
42	0	GX009-29-8843071	1
42	0	GX009-29-16655759	1
42	0	GX009-43-13527057	1
42	0	GX009-46-5320786	1
42	0	GX009-52-9066437	1
42	0	GX009-80-2413722	0
42	0	GX009-84-12993044	1
42	0	GX009-96-5066445	0
42	0	GX010-04-6364411	1
42	0	GX010-27-2976289	1
42	0	GX010-30-8114611	1
42	0	GX010-50-10743624	0
42	0	GX018-30-15562780	1
42	0	GX018-36-1636540	1
42	0	GX018-48-15683582	1
42	0	GX018-68-16084237	1
42	0	GX018-85-5611806	1
42	0	GX019-06-2216628	1
42	0	GX019-17-0321335	1
42	0	GX019-27-6091297	1
42	0	GX026-06-2659416	1
42	0	GX026-16-16592620	0
42	0	GX026-21-11393126	1
42	0	GX026-22-0946166	0
42	0	GX026-22-11485095	1
42	0	GX026-25-6213867	1
42	0	GX029-76-7548659	1
42	0	GX041-68-2985242	0
42	0	GX049-68-4678123	0
42	0	GX229-02-10075299	0
42	0	GX232-43-12814945	0
42	0	GX235-65-8654515	0
42	0	GX236-14-14278039	0
42	0	GX256-87-11732824	0
42	0	GX260-29-0927231	0
42	0	GX262-28-0632308	0
42	0	GX265-39-4725160	0
42	0	GX266-15-1091989	0
44	0	GX000-00-0000000	0
44	0	GX000-25-5242073	0
44	0	GX003-71-1406656	2
44	0	GX004-28-9408821	0
44	0	GX006-49-16466665	0
44	0	GX006-96-0399103	2
44	0	GX012-43-9072443	0
44	0	GX012-85-14388586	0
44	0	GX013-71-7825050	1
44	0	GX017-90-15949105	0
44	0	GX021-89-2592884	0
44	0	GX022-33-10542365	1
44	0	GX022-64-1535122	0
44	0	GX023-10-12219807	0
44	0	GX023-83-1684674	0
44	0	GX024-61-5057795	0
44	0	GX038-34-15061084	1
44	0	GX039-85-10877275	0
44	0	GX048-49-0077427	0
44	0	GX052-44-0579818	0
44	0	GX053-64-8112512	1
44	0	GX055-26-8672488	0
44	0	GX062-61-15003964	0
44	0	GX067-56-7217765	0
44	0	GX067-57-13677375	0
44	0	GX067-59-1425107	0
44	0	GX073-91-4594421	0
44	0	GX093-95-1533099	0
44	0	GX132-65-8807084	2
44	0	GX181-91-13220272	0
44	0	GX189-30-5108959	0
44	0	GX229-31-4596848	1
44	0	GX233-78-2530746	0
44	0	GX238-82-7628779	1
44	0	GX246-09-14772875	1
44	0	GX248-94-4363306	1
44	0	GX250-04-14272584	2
44	0	GX260-13-4064629	0
44	0	GX260-48-5034874	0
44	0	GX269-68-9496850	0
49	0	GX000-00-9245987	0
49	0	GX001-03-8291569	0
49	0	GX004-89-3257649	0
49	0	GX004-97-5929575	0
49	0	GX005-33-9670959	0
49	0	GX006-09-15658897	0
49	0	GX006-42-4414857	0
49	0	GX007-97-4048493	0
49	0	GX010-55-6828405	0
49	0	GX011-96-12991893	0
49	0	GX022-19-12400845	0
49	0	GX022-84-14469156	0
49	0	GX024-27-1301364	0
49	0	GX025-05-7028253	0
49	0	GX038-08-13787048	1
49	0	GX080-72-15157765	0
49	0	GX100-74-1778279	0
49	0	GX105-01-5026486	0
49	0	GX120-03-11382155	0
49	0	GX120-06-16458579	0
49	0	GX120-08-4796305	0
49	0	GX120-09-5163604	0
49	0	GX122-63-1409396	0
49	0	GX140-96-13425496	0
49	0	GX140-97-16461855	0
49	0	GX141-00-4634672	0
49	0	GX154-65-14204368	0
49	0	GX213-77-7053519	0
49	0	GX224-02-4533107	0
49	0	GX235-14-4556531	0
49	0	GX237-67-0124036	0
49	0	GX240-98-9671185	0
49	0	GX241-10-16300649	0
49	0	GX243-32-0235938	0
49	0	GX244-58-6254100	0
49	0	GX244-64-13960642	0
49	0	GX244-81-8795583	0
49	0	GX250-77-14199324	0
49	0	GX263-75-7590255	0
49	0	GX271-72-6067529	0
50	0	GX000-00-0000000	0
50	0	GX001-79-0242439	1
50	0	GX002-65-14154572	0
50	0	GX003-08-3391875	0
50	0	GX003-53-3877092	0
50	0	GX004-06-5006695	2
50	0	GX004-22-5412838	1
50	0	GX004-66-10425398	0
50	0	GX005-42-14098967	1
50	0	GX008-18-3776957	1
50	0	GX009-31-9390041	0
50	0	GX009-65-7105419	1
50	0	GX010-76-13474773	0
50	0	GX010-95-9832373	0
50	0	GX011-12-4307208	2
50	0	GX012-05-12530082	1
50	0	GX013-96-8635963	1
50	0	GX017-98-13460000	1
50	0	GX018-53-3859394	0
50	0	GX026-77-1531637	0
50	0	GX030-49-15246229	0
50	0	GX031-86-6875436	0
50	0	GX063-74-11512320	0
50	0	GX071-22-5227071	0
50	0	GX076-62-13561465	1
50	0	GX084-47-12383164	0
50	0	GX086-43-16107713	0
50	0	GX086-75-16178615	0
50	0	GX104-50-7842922	0
50	0	GX228-20-6818224	0
50	0	GX229-53-9675326	0
50	0	GX234-88-13031685	1
50	0	GX239-34-8040278	0
50	0	GX248-52-4370834	0
50	0	GX260-24-7141860	0
50	0	GX260-61-4377953	0
50	0	GX261-83-14505273	0
50	0	GX267-00-15983720	0
50	0	GX267-93-6960226	0
50	0	GX270-61-15336818	0
57	0	GX004-35-2224726	2
57	0	GX004-64-6202526	0
57	0	GX007-64-1233813	0
57	0	GX012-38-12237832	0
57	0	GX026-81-14462837	0
57	0	GX031-30-15458555	0
57	0	GX045-10-3793166	0
57	0	GX047-81-8870262	0
57	0	GX081-41-4792806	0
57	0	GX087-09-4638388	0
57	0	GX128-91-12961498	0
57	0	GX240-02-15528892	0
57	0	GX240-23-4585332	0
57	0	GX241-93-4561983	0
57	0	GX243-56-2379277	0
57	0	GX245-16-10635349	0
57	0	GX245-16-13336496	0
57	0	GX248-80-12211113	0
57	0	GX251-80-0235801	0
57	0	GX252-07-11679933	0
57	0	GX253-75-4487533	0
57	0	GX254-18-5075181	0
57	0	GX255-16-10958760	0
57	0	GX256-26-7728560	0
57	0	GX256-77-8410532	0
57	0	GX257-12-9721446	0
57	0	GX258-08-3572027	0
57	0	GX259-31-14159898	0
57	0	GX265-15-13853498	0
57	0	GX265-49-1988879	0
57	0	GX265-87-13715399	0
57	0	GX267-43-8689776	0
57	0	GX267-44-16165371	0
57	0	GX268-97-1177080	0
57	0	GX269-14-12686284	0
57	0	GX269-74-12196506	0
57	0	GX270-85-12729912	0
57	0	GX271-58-9546522	0
57	0	GX271-62-5712193	0
57	0	GX272-19-11154553	0